532.0501	140.2144	0.0000
505.0220	258.2378	6.0000
408.2365	86.2210	4.0000
882.2966	1208.7697	2.0000
839.5414	1306.1470	2.0000
481.3414	323.7408	0.0000
410.2936	72.3823	3.0000
414.4249	135.7168	3.0000
417.6636	153.8124	3.0000
411.5696	168.1380	3.0000
436.6665	94.8048	0.0000
521.3556	129.7308	0.0000
528.4510	180.8423	0.0000
566.6170	145.1508	0.0000
490.1791	304.6019	0.0000
397.7451	50.2991	1.0000
439.7421	52.1853	1.0000
414.0902	26.1960	1.0000
457.6778	51.9968	1.0000
899.3998	2120.9129	2.0000
743.9260	1200.7583	2.0000
895.6661	1371.3951	2.0000
488.4739	189.6050	5.0000
594.5349	616.0780	5.0000
519.5560	419.8487	5.0000
523.5529	404.6825	5.0000
456.0041	308.9774	6.0000
495.8639	340.6822	6.0000
479.8422	249.9766	6.0000
428.2408	192.1455	6.0000
430.3265	56.2973	3.0000
449.8129	46.8970	3.0000
394.3005	28.5231	4.0000
418.0870	25.3762	4.0000
431.9687	40.0837	4.0000
413.5723	30.9763	4.0000
480.7062	45.3168	4.0000
416.6021	59.1274	7.0000
438.5834	80.9270	7.0000
468.2550	95.9672	7.0000
376.5078	93.6823	7.0000
388.6385	67.0975	7.0000
